800 600 130
20343
23333
23324
22710
22106
19695
15482
16671
14859
19046
19032
16622
18413
19006
25596
27988
29177
35773
39370
45970
52565
59758
65755
68150
75343
77734
82534
89138
86725
86711
89700
88492
86080
89672
88462
86655
84848
86038
90232
89620
95613
98612
105211
110611
114210
120811
128608
132795
135185
141179
145969
144758
142952
144139
146526
153119
156115
153104
152491
150678
156068
162057
162043
166834
172232
179435
184235
189034
195641
201044
207044
214846
217856
216068
218480
216691
217903
219116
219729
224539
224545
228758
228769
231774
236585
240791
247389
254588
262988
270794
276797
281601
286998
289386
289378
291765
294153
294141
296533
301932
306120
310916
317507
321095
319288
321674
321064
326463
334262
342061
349261
351659
358259
366054
372657
379862
387060
394858
399057
403851
408055
415851
422450
430847
433245
439241
445243
449438
457232
461431
