800 600 369
20343
20338
20933
20928
21523
23914
28107
32902
35897
40694
44287
48481
50880
53273
52668
53863
58660
61061
63462
68261
73061
77860
80260
85061
88066
89869
94067
96467
101268
104871
109073
113868
117461
122261
127059
129459
134259
139058
143858
146258
148050
152244
154641
158234
157029
155824
154619
155214
157606
160598
161189
158186
158777
158772
158767
158159
157554
155150
152746
150941
151536
153327
155123
156318
156313
157505
156900
156295
155690
156281
155673
155068
155063
154455
154450
152645
149639
150834
150226
149621
152013
153208
155605
158002
159195
161592
160383
157979
156174
154965
156156
159149
161547
160338
158533
155531
152529
149528
147723
148318
150109
148301
150692
151887
153680
155476
159671
162665
161460
159651
159646
160239
164434
166833
171632
174032
178832
183632
188433
193234
198034
202835
205235
210035
212435
217235
221431
223831
228632
231034
232842
232850
233458
232265
232869
234677
235885
234693
234101
234105
235911
234715
233523
231126
225729
223332
219739
217347
214954
215562
217370
219178
217384
215591
217398
219799
224004
228806
231207
236610
236614
234222
233626
234233
234840
232447
231855
232462
232470
228875
228284
233087
237289
242090
246889
251690
256488
261289
265486
270289
275090
279891
283486
288285
293086
297290
301488
306291
311092
315290
319488
323690
328489
332689
336885
341686
347087
349488
353692
357297
359104
359711
361515
365118
367525
366933
364540
361548
362755
360962
358565
354370
353174
350173
347173
344173
341173
338173
335173
332173
329173
326173
323173
320173
317173
314173
311173
308175
306383
305787
305191
303999
304607
305814
306422
307030
304637
301644
302248
303455
305864
304073
305281
307087
306491
305899
307105
305913
302917
299925
298133
296341
297549
301753
305358
307758
312558
317356
322155
326952
329351
333548
337743
342544
347344
352742
355142
359941
364740
367140
367731
366526
365321
366516
369508
370103
370694
373091
377285
380878
379073
380264
385060
389860
394660
397060
401862
406665
412063
416860
421660
425863
428264
431269
436070
439663
440858
442053
442648
443243
442638
442633
443828
443823
446215
445006
444997
441989
439581
442573
443768
441359
440154
440749
440744
441935
442530
442521
441916
442511
443706
446097
446692
446087
444882
443677
444872
444867
443658
440051
438246
437641
438236
438831
441223
442418
443613
443608
443003
440599
439994
438185
437580
437571
437566
437561
439953
438144
437539
437534
438729
438124
438715
437510
439903
442303
444697
442892
440488
440479
438671
438666
439261
440456
440451
440446
444040
446439
451239
