800 600 90
20343
26336
31732
46118
53311
68305
73102
88690
95285
100680
103677
118073
129468
143858
146244
143834
145608
145578
146164
144959
150331
153903
153893
153889
156878
162853
162828
161006
160393
161577
159756
159147
160322
160913
162084
163271
163859
165643
168042
175240
182440
189640
196841
199241
205838
213045
214259
220871
228085
230513
229919
232339
235362
236573
239594
247394
264795
271997
288194
294194
295965
297752
300727
305508
307304
314478
320457
325255
332454
336654
341454
345656
352856
360055
367256
372056
379255
385855
388254
395452
399654
411054
419455
423655
432057
439256
456065
458461
462051
465638
