800 600 146
20343
25142
29939
35328
38916
44905
50902
55098
61692
65885
70678
76671
82662
91057
98255
103055
111455
118059
125258
127657
134853
141455
143852
149242
151636
157629
164222
169017
175010
177398
173185
171380
164777
159370
156361
154551
152141
151531
150926
149712
147902
146097
147883
150870
151465
150851
150837
155625
159818
163411
165198
165793
163983
162174
160965
156157
153753
152540
153135
156725
159122
160909
159704
161491
162686
159674
156065
153657
148847
148842
151828
154225
161418
168617
173417
180618
185419
190220
197420
204024
207629
214231
221434
228636
234047
234654
234666
235274
234686
235890
234104
232312
227523
222132
222744
223352
227565
231177
234188
240195
247396
254596
256996
264196
268996
277397
282196
289396
293589
298377
302565
302553
300744
303132
304318
308511
313903
318097
319883
319271
318661
321058
326453
333045
335446
342647
345049
351054
353455
360057
364856
371457
378657
387056
392457
399055
406856
411655
417655
424255
430254
438650
445842
450036
455427
459625
